47401 45.415 141.678 稚内*
47402 44.940 142.585 北見枝幸
47407 43.757 142.372 旭川*
47404 44.363 141.700 羽幌
47406 43.945 141.631 留萌
47412 43.060 141.328 札幌*
47413 43.212 141.785 岩見沢
47411 43.182 141.015 小樽
47421 42.795 140.223 寿都
47405 44.012 142.963 雄武
47435 44.345 143.355 紋別
47409 44.016 144.278 網走*
47420 43.330 145.585 根室
47418 42.985 144.376 釧路*
47417 44.922 143.211 帯広
47440 42.293 143.316 広尾
47424 42.623 141.547 苫小牧
47423 42.311 140.975 室蘭*
47426 42.161 142.776 浦河
47430 41.816 140.753 函館*
47428 41.866 140.123 江差
47576 41.283 141.210 むつ
47575 40.821 140.768 青森*
47574 40.645 139.931 深浦
47581 40.526 141.522 八戸
47582 39.716 140.098 秋田*
47584 39.698 141.165 盛岡*
47585 39.646 141.965 宮古
47512 39.063 141.713 大船渡
47592 38.426 141.298 石巻
47590 38.262 140.896 仙台*
47587 38.908 139.843 酒田
47520 38.756 140.311 新庄
47588 38.255 140.345 山形*
47595 37.758 140.470 福島*
47570 37.488 139.910 若松
47597 37.131 140.215 白河
47598 36.946 140.903 小名浜
47629 36.380 140.466 水戸*
47646 36.056 140.125 つくば
47690 36.738 139.500 奥日光
47615 36.548 139.868 宇都宮
47624 36.405 139.006 前橋*
47626 36.150 139.380 熊谷*
47641 35.990 139.073 秩父
47662 35.691 139.750 東京*
47677 34.123 139.520 三宅島
47678 33.122 139.778 八丈島
47648 35.738 140.856 銚子*
47682 35.601 140.103 千葉
47674 35.150 140.311 勝浦
47672 34.986 139.865 館山
47670 35.438 139.651 横浜*
47610 36.661 138.191 長野*
47622 36.341 138.546 軽井沢
47618 36.246 137.970 松本
47620 36.045 138.108 諏訪
47637 35.523 137.821 飯田
47638 35.666 138.553 甲府*
47640 35.500 138.760 河口湖
47657 35.113 138.925 三島
47668 35.045 139.091 網代
47656 34.975 138.403 静岡*
47654 34.753 137.711 浜松
47655 34.603 137.211 御前崎
47666 34.603 138.841 石廊崎
47636 35.166 136.965 名古屋*
47653 34.628 137.093 伊良湖
47617 36.155 137.253 高山
47632 35.400 137.761 岐阜*
47684 34.940 136.580 四日市
47649 34.761 136.141 上野
47651 34.733 136.518 津*
47663 34.068 136.193 尾鷲
47602 38.028 138.240 相川
47604 37.893 139.018 新潟*
47612 37.106 138.246 高田
47606 36.791 137.055 伏木
47607 36.708 137.201 富山*
47600 37.390 136.895 輪島
47605 36.588 136.633 金沢*
47616 36.055 136.221 福井*
47631 35.653 136.061 敦賀
47761 35.275 136.243 彦根*
47750 35.450 135.316 舞鶴
47759 35.013 135.731 京都*
47772 34.681 135.518 大阪*
47747 35.535 134.821 豊岡
47769 34.838 134.670 姫路
47770 34.696 135.211 神戸*
47776 34.338 134.905 洲本
47780 34.693 135.826 奈良*
47777 34.228 135.163 和歌山*
47778 33.450 135.756 潮岬*
47756 35.063 134.008 津山
47768 34.685 133.925 岡山*
47767 34.446 133.246 福山
47765 34.398 132.461 広島*
47766 34.240 132.550 呉
47740 36.203 133.333 西郷
47741 35.456 133.065 松江*
47755 34.896 132.007 浜田
47742 35.543 133.235 境
47744 35.433 133.338 米子
47746 35.486 134.238 鳥取*
47895 34.066 134.573 徳島*
47891 34.316 134.053 高松*
47890 34.275 133.751 多度津
47887 33.843 132.776 松山*
47892 33.226 132.552 宇和島
47893 33.566 133.548 高知*
47899 33.251 134.176 室戸岬
47897 33.920 132.695 宿毛
47898 32.721 133.001 清水
47754 34.410 131.405 萩
47784 34.161 131.461 山口
47762 33.948 130.925 下関*
47809 33.651 130.693 飯塚
47807 33.581 130.375 福岡*
47814 33.321 130.928 日田
47815 33.235 131.618 大分
47800 34.196 129.291 厳原
47805 33.360 129.550 平戸
47812 33.158 129.726 佐世保
47817 32.733 129.866 長崎*
47818 32.736 130.261 雲仙岳
47843 32.665 128.826 福江
47813 33.265 130.305 佐賀*
47819 32.813 130.706 熊本*
47824 32.216 130.755 人吉
47838 32.196 130.026 牛深
47821 32.880 131.073 阿蘇山
47822 32.581 131.656 延岡
47830 31.938 131.413 宮崎*
47829 31.730 131.081 都城
47835 31.578 131.406 油津
47823 32.026 130.200 阿久根
47827 31.555 130.546 鹿児島*
47831 31.271 130.291 枕崎
47837 30.720 130.981 種子島
47836 30.385 130.658 屋久島
47909 28.378 129.495 名瀬
47942 27.431 128.705 沖永良部
47940 26.593 127.965 名護
47929 26.336 126.803 久米島
47936 26.206 127.686 那覇*
47945 25.828 131.228 南大東島*
47927 24.793 125.278 宮古島*
47912 24.466 123.010 与那国島*
47917 24.426 123.765 西表島
47918 24.336 124.163 石垣島*
